1.383438933799423509e-01,-6.983426294820716862e+00,-1.236504082983888253e+00,-6.860394119992925255e-01,-5.501923076923074696e+00,-1.510160316809396681e+04,-4.818983968319060514e+05,-1.087462890154188011e-01,1.710082580676100417e+00
-2.770291034671616970e+00,9.248618784530382442e-01,4.169486756963141971e+00,-1.002365774190863590e+00,-8.765384615384597122e-01,-2.344841008032572063e+04,-4.735515899196742685e+05,-1.299170509625742487e-01,-5.317405204709522160e-01
2.647141725836545945e-01,-2.505964912280701284e+00,-3.236691629468403164e+00,-5.105843070598581335e-01,5.180769230769250999e-01,-2.650333129833547719e+04,-4.704966687016645446e+05,-1.031569374114573723e-01,-2.154732782069473718e+00
-2.461948202262567165e-01,-1.861570680628272356e+00,4.706390817627887913e+00,-2.354537581994531337e+00,-2.841923076923078106e+00,-2.284988957607873454e+04,-4.741501104239212582e+05,-1.490214189515184084e-01,-3.142161992171356388e+00
-2.401123234468210299e+00,-3.480000000000000426e+00,9.948129675810442052e-01,-5.028206636129848306e-01,-3.186538461538458655e+00,-3.755668961505647894e+04,-4.594433103849434992e+05,-1.305648259989652116e-01,1.854432006740010852e+00
-1.519759831882317336e+00,-1.445714285714286618e+00,2.902276940295895002e+00,-1.849300467737181819e+00,-2.141923076923077041e+00,-4.658181796437014418e+04,-4.504181820356298704e+05,-1.636747297373840615e-01,-1.018975012561197158e+00
-2.883367769904548794e+00,6.763975155279503326e+00,7.580694102029205794e+00,-2.222999276411876224e+00,7.711538461538467448e-01,-4.082208480081560265e+04,-4.561779151991843828e+05,-1.568353477807511720e-01,-3.257118229539889054e+00
-2.209426577173216444e+00,-1.278208955223881560e+00,8.073898524183960035e-01,-6.786413128825401486e-01,-8.119230769230749711e-01,-3.063451429147052113e+04,-4.663654857085294789e+05,-1.603802372646530028e-01,4.805792241994044645e-02
-3.254199696061114366e+00,-2.528856088560885951e+00,9.001822776419899697e+00,-1.854126671371762569e+00,-6.008076923076923315e+00,-2.829765017893411277e+04,-4.687023498210659018e+05,-1.664002361705080868e-01,1.920801622454385127e+00
4.778516422036460654e-02,-6.954448398576513313e+00,-1.353354408148927490e+00,-1.099757907361473386e+00,-5.975769230769230056e+00,-2.666379283133926583e+04,-4.703362071686607087e+05,-1.245339383784157539e-01,1.931686843067318193e+00
-4.384877708921566253e-01,-4.071535269709544380e+00,3.513655596871394948e+00,-1.944287712100383203e+00,-4.678076923076923244e+00,-2.656237684644983165e+04,-4.704376231535501429e+05,-1.140450883577356356e-01,-9.560287958766160443e-01
-3.285508507209376816e+00,4.282464454976295798e-01,1.071167799936111109e+01,-2.598026213830570086e+00,-3.633461538461538076e+00,-2.729152138453044245e+04,-4.697084786154695321e+05,-1.475248595911106131e-01,-2.395104805237033840e-01
-1.609516060289042372e-01,-4.207601809954750749e+00,-2.737633382197525833e+00,4.631624978264170522e-02,-1.318076923076920037e+00,-2.918773266528833483e+04,-4.678122673347116797e+05,-1.334277083212427606e-01,-4.886183385702032034e-01
-4.752159788444867417e-01,-1.699643958700587376e+00,-1.135140899071355847e+00,-1.104257398610370089e+00,-1.000000001087908430e-04,-4.618967650447274355e+04,-4.508103234955272637e+05,-1.435568223773824037e-01,-2.101169718286763466e+00
-2.124607651794494956e+00,9.539277194677691085e-01,2.218244095001185912e+00,-9.500163502513885305e-01,-9.999999399457060179e-05,-2.786504288571830693e+04,-4.691349571142817149e+05,-1.322259976214834321e-01,-1.180488722533401535e+00
1.371377093891847920e-01,-4.269958819968113772e+00,-4.648100809635479891e+00,3.194350332014650462e-02,-9.999999999155129160e-05,-2.664104521319536070e+04,-4.703589547868046211e+05,-1.203363595414403409e-01,-7.189510764130073728e-01
-6.278454465788323446e-01,-1.147968502508325273e+00,-5.772146712884094200e-01,-8.991615762181659477e-01,-9.999999777288159919e-05,-2.741081699822934752e+04,-4.695891830017706379e+05,-1.066862031190028148e-01,-1.824039583592836022e+00
6.328495471026762687e-03,-2.999365430180924719e+00,-2.937732119746232939e+00,9.086871415320274536e-05,-1.000000000057621463e-04,-2.790324365279916674e+04,-4.690967563472008333e+05,-1.477299097155049257e-01,-1.596841254149881983e+00
2.655345630079075647e-03,-2.628772751976319100e+00,-2.387281138153536375e+00,-2.529056522125507911e-01,-1.000000000093148600e-04,-3.592144088859020849e+04,-4.610785591114098206e+05,-1.522940970360495694e-01,-2.101610050050726208e+00
-4.615160138164942083e-02,-3.941758509981120540e+00,-4.192908702909949881e+00,4.177703304408275642e-02,-9.999999996668229585e-05,-2.815049689469235454e+04,-4.688495031053076382e+05,-1.368328411539153910e-01,-7.370610642623902642e-01
-2.822530724739102936e-02,-3.547874822984816490e+00,-3.644790326484145027e+00,2.237793320791681140e-02,-9.999999999332764844e-05,-3.046048414770350792e+04,-4.665395158522964921e+05,-1.396682503042076529e-01,-1.131126137440268575e+00
-9.064086495716709990e-01,-1.587163753631688934e+00,-1.027004544076270065e+00,-5.457438148477180562e-01,-3.999999999979575449e-04,-3.498692156352374150e+04,-4.620130784364762367e+05,-1.416396853064490757e-01,-1.333979912515295130e+00
-1.726315733917260786e-02,-3.853044476596021894e+00,-4.063906316141453701e+00,-3.596741513462120565e-03,-4.000000000068393291e-04,-2.958139966400430421e+04,-4.674186003359956667e+05,-1.417788948542314520e-01,-8.730029711087368138e-01
-2.522524959280865176e-01,-3.165068553742823809e+00,-3.234024252096862284e+00,9.066946460922764572e-04,-3.999999999961811881e-04,-2.181382119199832232e+04,-4.751861788080016850e+05,-1.360800242062507881e-01,-8.903033798122181874e-01
-7.568220081071430627e-01,-3.821746248946551461e+00,-4.287182764121695300e-01,-8.087458304798751385e-01,-2.523196367100097426e+00,-3.676434468981903046e+04,-4.602356553101809695e+05,-1.428169223718349368e-01,-4.936087708769010263e-02
-7.483467493308042506e-01,-3.905072155762075781e+00,-1.333391768987475245e-01,-7.409284025687643549e-01,-2.841564602975911846e+00,-3.672214430972620903e+04,-4.602778556902738055e+05,-1.551099193125640707e-01,-1.936427262516327019e-02
-7.422861244342549014e-01,-3.903516172808892293e+00,-3.584195423864500185e-02,-8.045102441766793788e-01,-2.896018628059281674e+00,-3.670102264621351787e+04,-4.602989773537864676e+05,-1.554934214654077607e-01,-3.935341157137717261e-02
1.891436492845244288e-02,-3.020877532489512518e+00,-3.092740687365999719e+00,-1.630585075885093715e-02,-3.999999998078873631e-04,-1.871755663866006944e+04,-4.782824433613399160e+05,-1.212433350484470318e-01,-1.306818761702194021e+00
4.023444279289911663e-03,-3.058177285188657279e+00,-2.963641068106610987e+00,-1.405983047082060011e-03,-2.888888889251983727e-04,-3.333234027590250480e+04,-4.636676597240974661e+05,-1.482609378484730234e-01,-1.683049406278182225e+00
7.816924580256312538e-02,-5.303732755383466113e+00,-8.563053257360380144e-01,-8.270753605634002525e-01,-3.268186161069269069e+00,-1.339734986518093137e+04,-4.836026501348190941e+05,-7.929505642780862451e-02,6.615360620189747465e-02
6.956577907994088150e-03,-3.037028364573059136e+00,-3.116576350248120519e+00,2.742107053155251606e-03,-3.999999995147884846e-04,-1.844608768995142964e+04,-4.785539123100485886e+05,-1.163766404535363230e-01,-1.269732867123768871e+00
-1.241991926674614888e-01,-2.771396368136565869e+00,-2.578429453190089760e+00,-5.023609754374724901e-02,-3.588477366036624261e-04,-3.382479916936653899e+04,-4.631752008306334610e+05,-1.525713635122940004e-01,-1.710106524412618789e+00
4.503679336165156144e-02,-4.028100166140211158e+00,-4.393643410786138404e+00,4.289680956830466130e-04,-4.000000003603343401e-04,-2.108092925439769169e+04,-4.759190707456023083e+05,-1.116288991404099373e-01,-6.550106281137695330e-01
-8.044539567907893485e-02,-2.901477116691523861e+00,-2.753075497299825258e+00,-9.194735365471728983e-02,-3.847584209946131040e-04,-3.424929816064432089e+04,-4.627507018393556937e+05,-1.516739551531581243e-01,-1.675419021407317466e+00
-2.619387834692332717e-02,-2.626195653178934108e+00,-2.383393103378562472e+00,-8.341678053787209279e-01,-3.999999998274272883e-04,-4.238089094106787525e+04,-4.546191090589321102e+05,-1.462040016699537037e-01,-2.082579104088174038e+00
-3.851250162729691340e-03,-3.111373916265016248e+00,-3.212278813815167666e+00,2.018650845121428006e-03,-4.000000004065196180e-04,-1.862565174738709175e+04,-4.783743482526129228e+05,-1.167861587625807496e-01,-1.202349155615801912e+00
-1.585259753302845631e+00,-1.362426909960007038e+00,-6.928996100791060542e-01,-2.346983661350812156e-01,-3.999999998789416367e-04,-3.504283914683724288e+04,-4.619571608531627571e+05,-1.594542224322971213e-01,-6.324689222201427263e-01
5.235074405719686297e-03,-2.690729871632225212e+00,-2.470055192850878711e+00,-2.158317630587998082e-01,-3.999999999286796282e-04,-3.552905991442643426e+04,-4.614709400855735876e+05,-1.457490142146515288e-01,-2.045145252284978454e+00
-1.753162546617456741e+00,-1.156865911656197454e+00,-4.088850561556931495e-01,-2.687204346071148109e-02,-1.247809118835929709e-03,-3.357979970253295323e+04,-4.634202002974670613e+05,-1.600451995766581648e-01,-5.674100852643670923e-01
-2.286269837739666855e+00,-8.764164392703062134e-01,-4.654590308462402959e-02,-1.825231452083198036e-01,-3.999999999340086987e-04,-3.391672336792534043e+04,-4.630832766320746741e+05,-1.621539563904114134e-01,-1.695477305260242318e-01
-2.782925617390574757e-03,-3.530666825093762284e+00,-3.616750088538246644e+00,1.597938614507299349e-03,-3.999999999126924166e-04,-3.115243585223401169e+04,-4.658475641477659810e+05,-1.337299782004248427e-01,-1.200060838801173091e+00
2.321992516524318262e-03,-3.587693677173154683e+00,-3.672458364115215090e+00,-3.289895604276118490e-01,-3.999999999038106324e-04,-3.699654581226101436e+04,-4.600034541877390002e+05,-1.375051495919588085e-01,-1.225968694456542440e+00
2.284631561589556270e-02,-5.363962744889951395e+00,-3.472654285836505039e-01,-7.594112479013830352e-01,-3.557362566994405562e+00,-1.167844901042614947e+04,-4.853215509895738214e+05,-1.302497782546739036e-01,1.802890559109695534e-01
-6.299327561948881993e-01,-2.487877498054018588e+00,-2.194287467868569763e+00,-1.220783803800493672e-01,-3.999999999819703334e-04,-3.493504730423104047e+04,-4.620649526957689668e+05,-1.417582047853643279e-01,-1.117944005740366009e+00
2.674591307663121142e-03,-4.091021591741172969e+00,-4.360456104067182537e+00,1.668616692791502487e-03,-4.000000000885517437e-04,-3.207820258363231551e+04,-4.649217974163676845e+05,-1.396512337555010641e-01,-7.523538376010450168e-01
1.689005148268307721e-03,-3.596939130683731278e+00,-3.859978589692278916e+00,1.003697808641845768e-03,-4.000000000246028975e-04,-1.845822976183120772e+04,-4.785417702381687704e+05,-1.114373567520406394e-01,-8.439680102468252176e-01
-5.125502849274710115e-04,-3.529242590091898890e+00,-3.615322948993769714e+00,-3.321519092089886271e-04,-4.000000000352610385e-04,-3.111790931098596047e+04,-4.658820906890140614e+05,-1.332756887936846213e-01,-1.204096432712877363e+00
-3.740940316294683043e-03,-3.111592348145363118e+00,-3.212568884475951236e+00,-3.380041948107503913e-02,-4.000000004669157505e-04,-1.887823871927960136e+04,-4.781217612807204132e+05,-1.167842787780471459e-01,-1.204579752942039006e+00
-4.507053890727696910e-03,-3.324334425551290551e+00,-3.326567463335235786e+00,-4.180187557602899062e-02,-3.999999999162451303e-04,-3.307839120237043244e+04,-4.639216087976295967e+05,-1.453577333758066803e-01,-1.413044619362449961e+00
-8.755891797864734372e-04,-4.093550235570823759e+00,-4.363849473359529441e+00,-5.689324401974005241e-04,-4.000000000796699595e-04,-3.210014921408854570e+04,-4.648998507859114325e+05,-1.403155911420857493e-01,-7.449179077988821174e-01
8.750570421311998359e-03,-4.060802015518962804e+00,-4.310283527505557544e+00,7.121207896343406674e-03,-1.000000002988610248e-04,-3.324785338430044067e+04,-4.637521466156995739e+05,-1.240203998737297308e-01,-8.073947912582521980e-01
-3.961194562318581802e-05,-4.109101339203132142e+00,-4.375142338155354693e+00,9.282518864797140168e-04,-1.000000001265544114e-04,-3.331000970837703062e+04,-4.636899902916229912e+05,-1.439245880727443028e-01,-7.525777041609773566e-01
-2.347969040288264253e+00,-9.319172541366871343e-01,-1.086318839178979090e-01,-2.281913411568030625e-01,-1.271334476775631828e-04,-3.565941689873493306e+04,-4.613405831012650742e+05,-1.650763051439141094e-01,-9.476633866895523006e-02
-4.102519366488976971e-04,-4.062996616743264511e+00,-4.313230550660565044e+00,-4.695721650396222913e-03,-1.000000001354361956e-04,-3.336651905609109235e+04,-4.636334809439089149e+05,-1.415886200986058996e-01,-7.909432177373583173e-01
-1.079445406189094570e-04,-4.108236792893025680e+00,-4.373981380999939717e+00,-1.259491889378239193e-04,-1.000000002526757470e-04,-3.332059763992263470e+04,-4.636794023600773653e+05,-1.438958551793176055e-01,-7.532447329874771835e-01
-6.040715599478536646e-01,-1.377245886934696628e+00,-7.066666332095472569e-01,-1.253627156444844459e+00,-1.000000001301071251e-04,-4.748383293685632816e+04,-4.495161670631436864e+05,-1.625655266474573812e-01,-2.142565056722435912e+00
-1.922409156150394871e+00,-9.645619152202389301e-01,-1.654766556540856470e-01,-3.504092510317509124e-01,-4.499298637550275259e-05,-3.564694684353649791e+04,-4.613530531564634875e+05,-1.615741090979428696e-01,-4.964198120886460508e-01
-1.138113182007288060e+00,-9.403185677317544844e-01,-1.219702180480375375e-01,-1.063436413953038340e+00,-3.995212502414768885e-02,-3.728465155351900466e+04,-4.597153484464809881e+05,-1.576591921718790423e-01,-1.439196547105227708e+00
-7.889602559846693453e-01,-2.808798240032420068e+00,4.807920266021170619e-03,-8.547807266927804903e-01,-1.659540085191161252e+00,-3.047448170118320559e+04,-4.665255182988168090e+05,-1.112454421574941843e-01,-7.496695935255379695e-01
1.320789837371894038e-02,-3.032286264934093367e+00,-3.166493458985550902e+00,2.948024717124297922e-04,-2.499999933713858979e-05,-1.556399228347961616e+04,-4.814360077165203984e+05,-1.139693652492669573e-01,-1.173852332485260774e+00
1.917264081833547351e-02,-5.261027793783510376e+00,-4.359930901108128865e-01,-1.213198417210048063e+00,-3.445350556161076661e+00,-1.526171989792834211e+04,-4.817382801020716433e+05,-9.034158314545917556e-02,6.046923968857598197e-02
-4.620635808181665638e-01,-1.027938026789477988e+00,-5.147036817819667931e-01,-9.194016062023528946e-01,-2.499999988070378265e-05,-2.203089391903518117e+04,-4.749691060809647897e+05,-1.125984489424665114e-01,-1.969786906135614357e+00
-6.109431048242797146e-03,-3.638208848710233312e+00,-3.752739793924151357e+00,-2.502474043960205563e-01,-2.500000001925961612e-05,-3.467935104687814601e+04,-4.623206489531218540e+05,-1.106515833215059308e-01,-1.137007853600025875e+00
-1.672527790534823922e+00,-1.964897246968124733e+00,-3.488227750861270238e-01,-1.202465883085466203e-01,-7.183457920731590729e-01,-3.328703460359344172e+04,-4.637129653964065365e+05,-1.498260019546177602e-01,-1.505572686935647830e-01
-1.187797973121066164e+00,-6.314517347057488905e-01,9.855013228147413429e-03,-4.454537916116549923e-01,-2.499999948457620746e-05,-1.853211656810476052e+04,-4.784678834318952286e+05,-9.972107596787879724e-02,-1.173852719738523120e+00
2.242431907883624120e-02,-5.252091884099741037e+00,-3.648022237058157202e-02,-8.966861604590459223e-01,-3.609030367890958324e+00,-1.238629636479475812e+04,-4.846137036352052237e+05,-8.519302630716335534e-02,2.799362527515425469e-02
-2.458107864338380466e+00,-9.013333914959584803e-01,-6.298877377488665275e-02,-9.143308408750883132e-03,-2.583905248054740866e-05,-3.387398837468247802e+04,-4.631260116253175074e+05,-1.545222706540046453e-01,-5.326066689950836874e-03
-1.380936104607766168e-02,-2.884204058291969019e+00,-2.734944515135847354e+00,-7.269742316779961300e-01,-2.499999980964950907e-05,-4.055932784686466039e+04,-4.564406721531353542e+05,-1.184412527840645601e-01,-1.843513381075462920e+00
-8.515958934216261156e-02,-3.651307116319172152e+00,-3.550719676988158824e-01,-1.523933739797874054e+00,-2.190554941114785770e+00,-3.129169903140953102e+04,-4.657083009685904835e+05,-1.330038726552129902e-01,-1.326215163272481679e+00
-1.947871619666585730e-03,-3.273453491891855194e+00,-3.259205994343068014e+00,-4.490053084163001529e-01,-2.499999974392430602e-05,-3.726107912762483465e+04,-4.597389208723751362e+05,-1.128179199309258252e-01,-1.487205949355446144e+00
-1.359847837703043183e-03,-3.409274508447664331e+00,-3.435727855615050785e+00,-3.920611546002348291e-01,-6.250000079033313227e-06,-3.737928394245122763e+04,-4.596207160575487651e+05,-1.254647929105434656e-01,-1.376922428613093441e+00
-5.636631544091335044e-01,-1.981526381713846874e+00,-1.628463786342848607e-03,-1.458868246101735267e+00,-9.246811996954391599e-01,-3.564616199467538536e+04,-4.613538380053245928e+05,-1.449884978467752827e-01,-1.694792254661837472e+00
-2.788336643481237331e-01,-4.573165635802766360e+00,-1.939332731410370769e+00,-5.638549772006289373e-01,-2.263019241523328340e+00,-2.994304428146871214e+04,-4.670569557185312733e+05,-1.223053231427155552e-01,-2.625215488904730776e-02
-2.802282362890409217e-01,-4.534366044754566616e+00,-1.893512094141808433e+00,-5.323903735761401634e-01,-2.250186062537337328e+00,-2.964015366635974351e+04,-4.673598463336402783e+05,-1.209795617666110379e-01,-5.992677386329203770e-02
-2.155036896628574894e+00,-9.922793002751628677e-01,-2.728086897978840852e-01,-5.631474915390999314e-01,-1.562500408835987287e-06,-3.144265665915980935e+04,-4.655573433408401906e+05,-1.473300003883745157e-01,-1.809140464132088510e-01
-4.892175552869453270e-01,-4.128426419269482395e+00,-1.900673239138974679e+00,-1.890582765463619808e-01,-1.839397666111497243e+00,-3.141404144924720458e+04,-4.655859585507527809e+05,-1.386704864521272618e-01,-8.902350292136151921e-02
-1.507269083270940335e+00,-8.639803367852039173e-01,-3.928025116548283791e-02,-5.365312831693547224e-01,-4.239977459014054872e-03,-3.601869555569050135e+04,-4.609813044443094986e+05,-1.246545481419993329e-01,-1.039913352617079401e+00
-7.284382248997225417e-01,-2.636841577770843159e+00,-3.773978277207845622e-02,-1.018140354248814106e+00,-1.523551650239039601e+00,-3.899921311572736886e+04,-4.580007868842726457e+05,-1.390878635818795506e-01,-1.093726428477709511e+00
-1.649898914624179369e+00,-1.853490472237929509e+00,-1.306317045008960065e-01,-8.765639557938840198e-01,-7.552683087916178817e-01,-4.342554493885772536e+04,-4.535744550611422746e+05,-1.623429694924064803e-01,-3.104175798075616832e-01
-1.468555642882476420e-01,-2.015780120351257310e+00,3.044823276953678715e-02,-1.714173119977854043e+00,-9.708349948495651471e-01,-3.838731064290054201e+04,-4.586126893570994725e+05,-1.297864652862449342e-01,-2.550071362173527589e+00
-1.697849025420783420e-02,-4.931845177376189326e+00,-1.947030169918608777e+00,-5.495847508389228864e-01,-2.683015332001118303e+00,-2.915778542679152088e+04,-4.678422145732084755e+05,-1.197945857221680566e-01,-1.721720958757333442e-01
-5.685640088594823283e-02,-4.518547873056586894e+00,-1.956710845273530452e+00,-7.520513854790689123e-01,-2.180601931468308941e+00,-3.133884302103504160e+04,-4.656611569789649802e+05,-1.333465123861608537e-01,-4.798357922731133485e-01
-9.241289234376548478e-02,-4.825314347040544405e+00,-2.128866255247025663e+00,-6.908433545129710751e-01,-2.366261904474238342e+00,-2.758749397705084266e+04,-4.694125060229491792e+05,-1.015830817991881796e-01,-8.435073276873250592e-02
-3.036883050780847526e-02,-3.416470778425850341e+00,-9.618278954281080928e-01,-1.303517075022995186e+00,-1.592428946080123309e+00,-2.897920362712294445e+04,-4.680207963728770847e+05,-1.175557047308537217e-01,-1.451398333911110505e+00
-4.177284939071892467e-01,-2.265988424888366382e+00,-5.778519414132432530e-03,-1.525817714742817799e+00,-1.160359501714112396e+00,-3.635246199565113784e+04,-4.606475380043488694e+05,-1.333311718767218879e-01,-1.799817119581938574e+00
-5.381040675212975799e-01,-3.786188441619435352e+00,1.296075185350531456e-02,-6.941807171719780456e-01,-2.434651714735786676e+00,-1.894787643197090074e+04,-4.780521235680290847e+05,-1.299677779653037601e-01,-2.705161360385743841e-01
-4.353062277482031561e-01,-3.685642385409606092e+00,-1.072550158243178231e+00,-1.075487116449211911e+00,-1.824078865442610775e+00,-3.049225618251622654e+04,-4.665077438174837735e+05,-1.279342699978514020e-01,-5.451302249143892276e-01
-6.698890918585309606e-02,-4.144983327579705445e+00,-9.911589485923713028e-01,-1.253371442186537621e+00,-2.301804480380014617e+00,-2.869954358689820947e+04,-4.683004564131018124e+05,-1.187980290104577175e-01,-8.350267018972989952e-01
-9.204766023353041504e-01,-3.345850194960517499e+00,-2.249719604389007088e+00,-9.724790136971250831e-04,-7.656902323947967215e-01,-2.513479363152344740e+04,-4.718652063684765599e+05,-1.246320780717475873e-01,-1.142473851145320296e-02
-1.450118666734384831e+00,-1.233488826302847841e+00,-5.072627255300012905e-01,-8.134643999419530758e-01,-2.713405880292785177e-02,-3.774957473565237888e+04,-4.592504252643476357e+05,-1.317024487934198851e-01,-8.603625911397259074e-01
-1.440576839054806157e+00,-2.262398392030684491e+00,-1.994154942504771100e-01,-8.455260218751519119e-01,-1.065015297630083735e+00,-3.513628744721304975e+04,-4.618637125527869212e+05,-1.510818729234988389e-01,-2.200799045309449475e-01
-4.190332735732731351e-01,-1.898320332296227875e+00,-1.617352586758862287e-01,-9.269573776292610034e-01,-7.699918024921135196e-01,-3.369948634082589706e+04,-4.633005136591740884e+05,-1.359145106315954310e-01,-2.044003997390523075e+00
-7.877477668465182603e-01,-1.802874726923114679e+00,-2.820804965399759112e-02,-9.267797895343168335e-01,-7.678754273521775087e-01,-3.370349387094714621e+04,-4.632965061290528392e+05,-1.399723615848273151e-01,-1.454617605942862379e+00
-1.839498570101657293e+00,-8.408972755187473780e-01,-1.033698090549606263e-02,-1.343535753776023967e-01,-2.441409630016266874e-08,-3.242973781511804555e+04,-4.645702621848819545e+05,-1.376770449415185837e-01,-6.397176603540006834e-01
-1.003099937125920604e+00,-2.021432745513569884e+00,-3.793282809034792535e-04,-6.012150225844816731e-01,-9.581402631222644128e-01,-2.735112161951874441e+04,-4.696488783804812701e+05,-1.188694310442344193e-01,-8.962777594183364283e-01
-1.200351308742373391e-01,-3.854967784883342574e+00,-1.248211708253485597e+00,-1.110043864700708482e+00,-1.842040474938285710e+00,-2.745387411157582028e+04,-4.695461258884241688e+05,-1.026298936000056006e-01,-9.001895251668656783e-01
1.320789837372071673e-02,-3.962241425123297134e+00,-4.312550275554015045e+00,1.109913205954526916e-02,-6.104221794700492865e-09,-2.057501501097348228e+04,-4.764249849890265032e+05,-9.347674732472258108e-02,-6.507606074205305458e-01
-4.818983690533205078e-01,-3.309085282603611233e+00,2.442363604037112168e-02,-1.506680445369159571e+00,-2.198637590846073131e+00,-3.988321493366438517e+04,-4.571167850663356367e+05,-1.397979724010444402e-01,-1.021240904151419659e+00
-1.797849360652373996e+00,-8.218781312978791220e-01,-5.624739983126403331e-03,-4.790718250494521158e-01,-4.880795650974434352e-06,-3.399161119647333544e+04,-4.630083888035266427e+05,-1.416650502413947244e-01,-6.868513005503265045e-01
-6.790363787667619277e-02,-5.006933783783065195e+00,-5.241142384363683959e-02,-1.158287079946074272e+00,-3.551460942838098767e+00,-1.820206503543494182e+04,-4.787979349645650364e+05,-1.149372941684624616e-01,-9.906834639289940903e-02
-7.607489121255772702e-01,-3.601575709065038211e+00,-1.608686216332490204e+00,-5.482065034187009189e-01,-1.416941464576773724e+00,-2.782547026328878565e+04,-4.691745297367112362e+05,-1.089376012383929115e-01,-6.173287992207643349e-02
5.992710521391941825e-04,-4.105174814416690410e+00,-4.370003015985632899e+00,1.749456433834950531e-04,-6.103587635308826975e-09,-3.331757651775408885e+04,-4.636824234822458820e+05,-1.409317603893755766e-01,-7.569941862386002640e-01
-1.704155183372709104e+00,-1.060368994020540967e+00,-3.345402753664608042e-01,-6.769199469774580535e-01,-1.933134831897387329e-04,-3.512251002947651432e+04,-4.618774899705235148e+05,-1.284430468646946266e-01,-6.428011655231722354e-01
-3.094676081886991170e-01,-2.914555780505217797e+00,-1.698316457103814514e-01,-1.441166377980374946e+00,-1.597902631009344487e+00,-3.021123908098379616e+04,-4.667887609190162038e+05,-1.316056029915555203e-01,-1.417233878751207321e+00
-1.140777532030216257e+00,-3.074739038175097861e+00,-4.424742139643811356e-02,-1.051304699140695575e+00,-1.957964714316438259e+00,-3.914939750420067867e+04,-4.578506024957993068e+05,-1.399614258637682240e-01,-8.854509239910868246e-02
-3.870294837530341425e-02,-3.062049310427116922e+00,-1.318465804908370842e-01,-1.399021838655407635e+00,-1.778562115239224140e+00,-3.208064771540995571e+04,-4.649193522845900152e+05,-1.464497111762555759e-01,-1.953845703595665118e+00
3.534330934953899828e-02,-5.299506236553193972e+00,-4.683214125714840748e-02,-9.514022891658520109e-01,-3.641478093507562797e+00,-1.246271255636539718e+04,-4.845372874436345883e+05,-8.405471075044906870e-02,4.500609051535930938e-02
-2.796426643267118095e-01,-4.848158863336163193e+00,1.978113828831240539e-02,-9.935250666500188288e-01,-3.982211054465454758e+00,-3.200115420830245421e+04,-4.649988457916975603e+05,-1.181872211390024296e-01,-7.417176279278514528e-03
-3.431525155365937607e-01,-1.205931664781056512e+00,3.386948791188615360e-03,-9.521163985981964117e-01,-3.182118731810159584e-01,-3.330510102774327243e+04,-4.636948989722567494e+05,-1.165433517198904700e-01,-2.628095929012725929e+00
-1.661555250404171957e+00,-1.558200915697250721e+00,-8.686987955453417953e-03,-5.004005855486184373e-01,-5.791873666340012772e-01,-3.151951132277928991e+04,-4.654804886772207101e+05,-1.520387263675735956e-01,-3.838983529425168406e-01
-4.835064635335388772e-01,-3.173345679815200882e+00,-1.156688415385787039e-01,-1.370786849820666120e+00,-1.892769078030247298e+00,-3.171509688671000185e+04,-4.652849031132899690e+05,-1.491775873229982952e-01,-9.659120294665481943e-01
-5.880045712790389345e-01,-1.517995304201509299e+00,7.895664525960910396e-03,-1.130043142124947053e+00,-5.598291808437536599e-01,-3.509806326090008952e+04,-4.619019367390999105e+05,-1.442640204512303792e-01,-1.980331097178067878e+00
-9.881077505359554536e-01,-1.613991112891213220e+00,-6.950772416091766104e-02,-1.200418113912638418e+00,-5.951159724426815512e-01,-3.293880129205132107e+04,-4.640611987079486717e+05,-1.479784029984967664e-01,-1.180949549523947706e+00
-9.386990401741179824e-03,-4.928607496312233494e+00,-3.808259058580215850e+00,-1.442823661207270902e-01,-1.312808393065883150e+00,-2.804199966811871855e+04,-4.689580003318812815e+05,-1.110234652298174030e-01,-3.661206840710096166e-02
-1.012318173648239394e+00,-3.164491460875511919e+00,-3.257970485675372174e-01,-3.809565999816122428e-01,-1.721717750748006592e+00,-2.027399805666158500e+04,-4.767260019433384296e+05,-1.498321943912782062e-01,-1.145970256272410559e-02
-1.079444987013289392e-04,-4.108137454658633558e+00,-4.373981380680616482e+00,-6.277836206436404609e-07,-1.288765316687090490e-09,-3.331933885294276115e+04,-4.636806611470572534e+05,-1.437506998304348971e-01,-7.533190180496640576e-01
-1.013471853345757623e+00,-3.346833982789675588e+00,-2.848006110875822117e+00,-2.122961393173028455e-03,-3.515384620557735484e-01,-3.380281158226470870e+04,-4.631971884177352767e+05,-1.359349816267435285e-01,1.107460336438781390e-02
-9.979509939661168616e-01,-1.600836826661680590e+00,-4.535386240208794106e-02,-6.862531095622284028e-01,-5.981395135375275895e-01,-2.805948084861571988e+04,-4.689405191513843019e+05,-1.199421966039063148e-01,-1.150439153248400403e+00
-1.278973850670697132e-01,-3.247252921310135321e+00,-1.185938515394422410e+00,-1.077035628718448379e+00,-1.336126015091999575e+00,-3.172230950694778585e+04,-4.652776904930522433e+05,-1.360469059429493810e-01,-1.430236009309567180e+00
-2.305561560534792775e+00,-9.086242793573653387e-01,-7.536697146358761756e-02,-6.574670312672026284e-02,-1.329397617017447075e-03,-3.397292523059147061e+04,-4.630270747694085585e+05,-1.540148948092056047e-01,-1.407429074613202324e-01
-1.244063811820593557e+00,-8.220733454873521140e-01,-9.100782243734784061e-03,-5.871525510021644578e-01,-3.804021542208602114e-10,-3.480671384297312034e+04,-4.621932861570268869e+05,-1.521074276104657230e-01,-1.392654711268828116e+00
-4.665253508154343365e-01,-2.562099220464645555e+00,-5.916487376687129540e-02,-1.214296963646557259e+00,-1.368777402462628912e+00,-3.025666525962165906e+04,-4.667433347403783118e+05,-1.376895848247908505e-01,-1.413046225219617202e+00
-6.839649832655654293e-01,-8.639803307882178984e-01,-3.928044898135496510e-02,-1.401694947956901416e+00,-4.239853864215659129e-03,-4.590843847453947819e+04,-4.510915615254605073e+05,-1.246545482816270867e-01,-2.374550702819485437e+00
-6.495858850666946793e-01,-3.254116992724142676e+00,-5.411025699176263970e-02,-8.287211616759968535e-01,-2.006717730369271813e+00,-2.663530586323959506e+04,-4.703646941367604304e+05,-1.156170484905399698e-01,-5.935006682706109871e-01
-6.293289729888478234e-01,-3.520711832761778126e+00,-1.314560841761220900e-01,-1.269809810542357198e+00,-2.345822031497124094e+00,-3.896798663938081881e+04,-4.580320133606191957e+05,-1.360622941624464177e-01,-5.580739026510359579e-01
-2.843742264657693752e-01,-1.613989180550541747e+00,-6.950499144495125847e-02,-1.603816871840798797e+00,-5.951159724426851039e-01,-3.711886663904631860e+04,-4.598811333609536523e+05,-1.343578667429241313e-01,-2.449351416386193137e+00
-6.550105327309996284e-02,-4.609496601776205793e+00,-2.312843619279334462e-01,-1.523371406357229674e+00,-3.286186575001663890e+00,-2.981911998536215106e+04,-4.671808800146378344e+05,-1.354482813069349811e-01,-5.878314230871732882e-01
1.469637650862054556e-03,-3.031288422315661535e+00,-3.164779699251949907e+00,9.176452162424908465e-04,-3.143120618804839950e-04,-1.555396082284436125e+04,-4.814460391771556460e+05,-1.139829618260747579e-01,-1.156988659841825973e+00
-9.796049432582094596e-01,-2.268075751077555324e+00,-5.774824964007052586e-03,-7.853393176349410254e-01,-1.162147281437694302e+00,-2.901968026173957333e+04,-4.679803197382604121e+05,-1.337508678216572100e-01,-7.873649303365364283e-01
-4.208992794373234148e-01,-3.760411702739260065e+00,-1.341364509298372809e-01,-1.380787849091170472e+00,-2.623905808534259698e+00,-4.097609578356077691e+04,-4.560239042164392304e+05,-1.183819015834832178e-01,-7.796748221792046962e-01
-1.020883260106031365e+00,-1.771470381004309758e+00,-2.839927611923087625e-03,-7.778894803060563135e-01,-7.547512679229562149e-01,-2.887637488185691109e+04,-4.681236251181430998e+05,-1.297260954530229105e-01,-1.027712378413976557e+00
-1.048947137451006206e+00,-9.605103943178274761e-01,-5.438283938851640187e-02,-8.770980818333224960e-01,-9.097282827290942286e-02,-3.546509301997513103e+04,-4.615349069800248835e+05,-1.474908999267903753e-01,-1.564858120285385734e+00
-2.487652082649718821e+00,-8.523740383719715652e-01,-1.436592505026368372e-03,-6.171508221797239457e-06,-7.567946269659842073e-12,-3.337532621617100813e+04,-4.636246737838289700e+05,-1.504377715013685002e-01,-1.095293549647990972e-03
-4.067633572047766322e-01,-1.527638397393568326e+00,-5.627173484139547099e-02,-8.138726954789152757e-01,-5.381200527787768362e-01,-2.807035780390695436e+04,-4.689296421960930456e+05,-1.170313289571046911e-01,-2.164265767134154750e+00
-7.579690984519800168e-01,-3.653327594593562822e+00,-6.405289257451016738e-01,-3.955268853582865063e-01,-1.997071932675620998e+00,-2.037536574864673094e+04,-4.766246342513532727e+05,-1.483721732412768557e-01,-1.009756283718132863e-03
-3.717396018944461034e-01,-4.523600916895210489e+00,9.556633671017777942e-03,-1.520369000369580448e+00,-3.592696954526810593e+00,-3.929030201010622113e+04,-4.577096979898937861e+05,-1.415824160703565704e-01,-1.820691075527958169e-01
-4.095849510447822084e-01,-1.538502579484275046e+00,-5.604229006686978209e-02,-1.315441385876448877e+00,-5.464247605197403157e-01,-3.282505678226549935e+04,-4.641749432177345152e+05,-1.463506352995024296e-01,-2.185080848116741414e+00
-3.919080728531687541e-01,-2.016813036382281155e+00,-4.064743541138327032e-02,-1.357307102057719206e+00,-9.188816144956664100e-01,-2.897274347060049695e+04,-4.680272565293994849e+05,-1.241706157514616826e-01,-1.825436746576707403e+00
-7.953334299383181261e-01,-2.146624743395946666e+00,-6.643380088511463555e-02,-1.263455382296273299e+00,-1.015645069044622373e+00,-3.076187218731065514e+04,-4.662381278126893449e+05,-1.377894366508062574e-01,-1.110517126284594980e+00
-6.730872994971148771e-01,-3.989785590474062005e+00,-8.863745741956563506e-02,-9.705330008469275072e-01,-2.762159732642204268e+00,-2.851608992513007252e+04,-4.684839100748699275e+05,-1.331111566084365871e-01,1.247891181914706493e-03
-8.016235021829736240e-01,-8.115708049778120881e-01,-4.778537959989748174e-02,-7.806352306906809702e-01,-5.482503340203948028e-12,-3.222569309148666798e+04,-4.647743069085133029e+05,-1.502985158823093026e-01,-1.978433489588394156e+00
-5.621436479829693411e-01,-2.161854569853524310e+00,-2.514817375872979710e-02,-7.970715769164069542e-01,-1.060760289522739042e+00,-2.906650957478719283e+04,-4.679334904252128326e+05,-1.345892839407292763e-01,-1.539296008958813022e+00
-4.548374519810858274e-01,-4.203507142149145892e+00,-5.946223371466885510e-04,-1.069889971838581033e+00,-3.118597691755094381e+00,-3.171456393095649400e+04,-4.652854360690435278e+05,-1.100119251346233784e-01,-2.533249251756091169e-01
-2.269512957660962726e+00,-8.244360012304472463e-01,-4.730202040644115868e-02,-2.303058610070394252e-01,-7.256851818009391053e-04,-2.830492792223196011e+04,-4.686950720777680399e+05,-1.266803088994256921e-01,-1.513410783383430935e-01
8.467280239956664900e-02,-4.113766932365964024e+00,-4.352866620844860535e+00,8.596117993155871773e-02,-2.644316661482615238e-02,-3.163125191156240908e+04,-4.653687480884375982e+05,-1.418126450184243603e-01,-8.663602833004895309e-01
-5.546004265768411656e-01,-3.081840434286213792e+00,-6.742255867002455716e-02,-7.166737626130199601e-01,-1.760298672242252449e+00,-2.045050355197671161e+04,-4.765494964480233029e+05,-1.477823061870989219e-01,-7.483112775595817112e-01
-1.101916518219455909e+00,-2.973412011169461522e+00,-2.908854958030726578e+00,-1.915700698463140839e-03,1.209032873816795473e-12,-2.740215645640438015e+04,-4.695978435435956344e+05,-1.082921501561305844e-01,-8.516159988434779393e-02
-6.578914504331612179e-01,-3.252451393432817639e+00,-5.760521622026004707e-03,-1.228754555168247720e+00,-2.148613479308145280e+00,-3.919366325101954135e+04,-4.578063367489804514e+05,-1.268717174453997398e-01,-7.453865497761431591e-01
-7.953295508327968832e-01,-2.146624741337483044e+00,-6.643379785289837969e-02,-1.262769039687745121e+00,-1.015645069044627702e+00,-3.075531750025204383e+04,-4.662446824997479562e+05,-1.377415451240936728e-01,-1.110489635753392879e+00
-6.065360362732583610e-01,-2.944287919245205387e+00,2.809910777255453240e-03,-1.447815433414344710e+00,-1.827665855670574713e+00,-4.074171734032761742e+04,-4.562582826596723753e+05,-1.448889530315912444e-01,-1.074646906486192766e+00
-8.953474067419238125e-01,-8.090265347291172304e-01,-4.409842459496360334e-02,-1.294486981893353317e+00,-1.533283431462972857e-04,-3.753391703051926015e+04,-4.594660829694807180e+05,-1.399297074500567561e-01,-1.857066481504783706e+00
-3.262478120311316232e-01,-3.811422453897186813e+00,-4.377612807634250203e-01,-1.312268984594009424e+00,-2.301809983115425062e+00,-2.924128647160655601e+04,-4.677587135283934185e+05,-1.285996864878080626e-01,-6.939243316238701276e-01
-2.352458310303333633e-01,-3.652191158089351575e+00,-9.250991476272467651e-01,-1.177739730808967877e+00,-1.842120320988475113e+00,-2.806013719575841606e+04,-4.689398628042415949e+05,-1.121851772666150049e-01,-8.929460075494297655e-01
-4.237382835781628998e-01,-1.511299868448142902e+00,-6.757185786476327394e-03,-9.860769555772339601e-01,-5.523808470303250839e-01,-2.960149020596568153e+04,-4.673985097940342966e+05,-1.329305221893625211e-01,-2.162386409698343837e+00
-7.934671568815359066e-01,-2.284997102774463329e+00,-6.429134954401760638e-02,-1.223661202412882787e+00,-1.128799944379511144e+00,-2.997832625681084755e+04,-4.670216737431891379e+05,-1.315730264139093053e-01,-1.019317084785333893e+00
-2.320720725189140410e-02,-5.177218745017697188e+00,-4.231138086538877019e-02,-1.072231738636928000e+00,-4.132296931704231291e+00,-2.577049034465930163e+04,-4.712295096553406911e+05,-1.118151446804346860e-01,-1.543425364592678761e-01
-3.700947875095739192e-02,-2.210152917754058421e+00,-3.657189582882836021e-02,-1.027960691403412952e+00,-1.084149547147609693e+00,-2.856396473650926782e+04,-4.684360352634907467e+05,-1.253701281509641274e-01,-2.513360097037467877e+00
-1.453345694242003106e-02,-5.204153772211478568e+00,-5.797065552782108000e-01,-1.088750180746600904e+00,-3.565420910726781578e+00,-2.017801698283853329e+04,-4.768219830171614885e+05,-1.367788034273408060e-01,2.048158207309835888e-02
-5.991444191846069245e-01,-3.081840400555549309e+00,-6.742245310580941009e-02,-6.911898880107933962e-01,-1.760298701149628497e+00,-2.026175376665684598e+04,-4.767382462333431467e+05,-1.447236492997159840e-01,-6.742407740615485867e-01
-4.764289141413069473e-01,-3.454936511757836115e+00,-3.245187947853978017e-02,-1.407455145976236111e+00,-2.190554968162902405e+00,-3.017988609396821266e+04,-4.668201139060317655e+05,-1.372215363076713934e-01,-7.571346670280321156e-01
-3.990270270619715731e-01,-3.913431725101476744e+00,-4.727085433979993923e-02,-1.151539365327652220e+00,-2.845391998265651701e+00,-3.745127142564024689e+04,-4.595487285743597313e+05,-1.315302027405262919e-01,-6.785884154592713990e-01
-7.427124517199485965e-01,-3.443924311231540969e+00,-2.148681313806832804e-02,-6.194179621470503605e-01,-2.116534328006882681e+00,-1.973579847530727420e+04,-4.772642015246927040e+05,-1.430819415633693137e-01,-2.065196426336661784e-01
-5.597492386859599378e-01,-3.081331619585466086e+00,-5.726235602125129276e-02,-7.166943325557504352e-01,-1.764973148719827689e+00,-2.041595747794515410e+04,-4.765840425220548641e+05,-1.474796959162434362e-01,-7.408489175739161325e-01
-1.150199055587229680e+00,-9.322636029525721568e-01,-1.828066861689947586e-02,-1.095071534072106445e+00,-9.366212580933885867e-02,-3.705075353631854523e+04,-4.599492464636814548e+05,-1.571386631798230293e-01,-1.430126450890815804e+00
-1.893120816877824630e+00,-1.301748667091905176e+00,-6.460112865564582307e-02,-7.798242098243974851e-01,-3.209819429119071810e-01,-4.225335905865526729e+04,-4.547466409413447254e+05,-1.570569320781662614e-01,-3.709194863376930051e-01
-4.626768790689501643e-01,-2.838527700133715470e+00,-3.153636997739184267e-02,-1.347535537931793925e+00,-1.688950518581013638e+00,-3.810122956825992878e+04,-4.588987704317400930e+05,-1.131899462655777677e-01,-1.392313804268023425e+00
-1.921308339251082131e-01,-1.027938501698184126e+00,-5.147036817819667931e-01,-7.835548062295192295e-01,-2.529821369345874871e-05,-2.099074835259692190e+04,-4.760092516474030563e+05,-1.302982669606563004e-01,-2.432124396919608245e+00
-4.422620388597682251e-01,-2.845488281933095109e+00,-9.768212052550850899e-02,-1.472723737691330470e+00,-1.654857613225163560e+00,-3.951293104746229073e+04,-4.574870689525377238e+05,-1.208297006211190849e-01,-1.421490222800700920e+00
4.682322827678220278e-04,-3.003562790565236895e+00,-3.129244012696350552e+00,-1.329846046758120792e-04,-9.341067919166334832e-10,-1.553329656587215140e+04,-4.814667034341278486e+05,-1.152987077763642509e-01,-1.174497527486331183e+00
-5.708407839877285284e-01,-3.043062580087044111e+00,-5.714450401850257322e-03,-7.283023992055834839e-01,-1.760352387097546822e+00,-2.053658863133131672e+04,-4.764634113686686615e+05,-1.466758881215481924e-01,-7.569305688474012861e-01
-8.937780371326500273e-01,-2.075844866787575071e+00,-3.563233358908490800e-02,-9.815577101102039848e-01,-9.572129096777046708e-01,-2.251609592436995445e+04,-4.744839040756300674e+05,-1.484180245262883002e-01,-8.599378534585846445e-01
-1.402127819722536195e+00,-1.206700807556543964e+00,-3.717815562661641593e-02,-4.663645811857488610e-01,-3.290666535242070534e-01,-2.145602425467839203e+04,-4.755439757453216007e+05,-1.403483525846007662e-01,-7.101956291933710919e-01
-9.180458624726384187e-03,-1.303613076842090379e+00,-7.023321090064271743e-02,-1.628860417669825367e+00,-3.918229561429995567e-01,-2.797238672615176620e+04,-4.690276132738482556e+05,-1.079478030941128375e-01,-2.862878195204170417e+00
-3.318103984381046700e-01,-3.308861054117082645e+00,-6.149560863118708198e-02,-1.496521863803881303e+00,-2.057870307959986711e+00,-3.302727446845127270e+04,-4.639727255315487273e+05,-1.537628414946280719e-01,-1.176503944675438174e+00
-9.894706513909312662e-02,-6.549935173004772793e-01,-2.144798670711622890e-02,-1.605042947137732767e+00,-6.020220630897910041e-07,-2.775360834343103124e+04,-4.692463916565689724e+05,-1.038922663575844174e-01,-2.992436277333046402e+00
-3.606475740269843300e-08,-3.052970240159362803e+00,-3.191881686839096233e+00,2.524030433725954481e-05,-3.454967423266452897e-10,-1.566205234463787929e+04,-4.813379476553621353e+05,-1.128607268981516865e-01,-1.143126263163260381e+00
-6.567788092714632597e-01,-2.844205052983353355e+00,-1.985196549308554381e-02,-1.352752024903070449e+00,-1.701776348747675582e+00,-3.816823873194535554e+04,-4.588317612680546590e+05,-1.133011055236347597e-01,-1.023471144986602965e+00
-6.832896806406978385e-01,-1.286366456419314019e+00,-3.665549449824112571e-02,-9.019738308293039353e-01,-3.505601078553854943e-01,-3.481071988857599354e+04,-4.621892801114239846e+05,-1.473404819920928754e-01,-1.970118281659279269e+00
7.793177482533053535e-03,-4.092922262603940098e+00,-4.432527214221629208e+00,1.724640054950654644e-03,-9.625611419039614702e-11,-2.494611994249171767e+04,-4.720538800575083005e+05,-1.312567472952526904e-01,-6.333302490771515192e-01
-4.339920153256819901e-01,-1.541304894328824560e+00,-4.940819990725486832e-03,-9.796115319240232822e-01,-5.759740864820599437e-01,-2.954124357609320941e+04,-4.674587564239067724e+05,-1.326123127706262117e-01,-2.125972604467676330e+00
-1.396609553750325361e-01,-2.210116096119763895e+00,-2.986292219778619028e-02,-1.128291856980206731e+00,-1.087716624221281903e+00,-2.945732080228023187e+04,-4.675426791977197863e+05,-1.319466312060980362e-01,-2.292194544781545940e+00
-8.810436538987254096e-01,-2.145893719752823614e+00,-2.395564296444518959e-02,-6.259749220822889981e-01,-1.019474465780418226e+00,-2.052948243679642110e+04,-4.764705175632035825e+05,-1.303930020900062881e-01,-8.384052397406855928e-01
-3.419745706061405599e-04,-3.031604517099292906e+00,-3.165633277690565350e+00,1.407049287074357835e-04,1.604628896423321294e-08,-1.556512590614837245e+04,-4.814348740938516567e+05,-1.150331726269200883e-01,-1.154242073997065576e+00
-7.911710395483204650e-01,-2.092048348381259970e+00,-1.386220780577929190e-03,-6.065937914677981269e-01,-1.016064571341140477e+00,-2.740282201068884024e+04,-4.695971779893111670e+05,-1.205804022405969900e-01,-1.182334403380119525e+00
-2.998934678806968179e-01,-2.191917799019877933e+00,-3.717627078736640556e-02,-1.525142416021864733e+00,-1.058367911917539983e+00,-3.051441860932668351e+04,-4.664855813906732947e+05,-1.279842462949012383e-01,-1.910086310722668212e+00
-2.318423509299449847e-03,-2.968341820791589925e+00,-2.839384798963866530e+00,-5.188000037729167957e-02,-5.406397132201590239e-07,-3.430955387381955370e+04,-4.626904461261804681e+05,-1.528275897887352852e-01,-1.769038751737144644e+00
-3.089570252869844325e-02,-3.415480436353197646e+00,-9.602654142203661536e-01,-1.056414685334026160e+00,-1.592440108884965566e+00,-2.676103541823922933e+04,-4.702389645817607525e+05,-9.885557703871045154e-02,-1.437298221451580371e+00
-1.356099106477071103e-02,-6.550136568376760948e-01,-2.133195715047264684e-02,-1.053811108702745969e+00,-7.083305931199213035e-05,-2.308458854803684153e+04,-4.739154114519631839e+05,-1.039157644598085739e-01,-3.133899406397506748e+00
-1.000464190025000200e+00,-3.190410794270229999e+00,-6.090760613224901476e-01,-2.940724279051991630e-01,-1.592833514755137569e+00,-2.058699082366690709e+04,-4.764130091763330856e+05,-1.426977213184549009e-01,-1.369100796588584856e-03
2.405747444745331975e-01,-5.668959070363968067e+00,-4.915948210123490369e+00,2.491103357289308207e-01,-1.352114402804759363e+00,-2.959794643654501124e+04,-4.674020535634550033e+05,-1.008696173324732381e-01,2.388909935879333091e-01
-3.000109251284355238e-01,-2.196132750368768427e+00,-3.600361577716171269e-02,-1.525406071524095353e+00,-1.062343491954220509e+00,-3.051247165970592323e+04,-4.664875283402940840e+05,-1.280467701034924966e-01,-1.907527177262800411e+00
-3.011215554321786669e-01,-2.193479319556500329e+00,-3.702908816961780758e-02,-1.066499659940040701e+00,-1.059692126976762294e+00,-2.634849870754157018e+04,-4.706515012924584444e+05,-1.036880481308740110e-01,-1.878861212887626753e+00
-3.236497810001779385e-01,-2.708781407333180624e+00,-1.243283608116385608e-02,-1.513057872526934133e+00,-1.501574203435046995e+00,-3.039518295070989552e+04,-4.666048170492901118e+05,-1.333494651603717995e-01,-1.549727560197393661e+00
-9.222836983231452734e-02,-6.450364194100330906e-01,-5.742246314905941063e-03,-1.039151837784952903e+00,2.119719955118171129e-10,-2.309469455292831481e+04,-4.739053054470716743e+05,-1.045753385657178236e-01,-2.981249029399856809e+00
-9.864990169074081550e-01,-2.997198550843958031e+00,-1.178807127613623607e-02,-6.807924180648896595e-01,-1.717217964587839374e+00,-2.021556747903729411e+04,-4.767844325209627277e+05,-1.332584425005013395e-01,-1.635683201232442929e-01
-3.355716901225234139e-01,-3.309078710164234494e+00,-6.149190355913702888e-02,-9.997299974528619515e-01,-2.058086336122179283e+00,-2.829673187777840940e+04,-4.687032681222215760e+05,-1.276789602731159268e-01,-1.138181187800074934e+00
-1.019490599651922125e-01,-2.828937112596140224e+00,-2.897501245697171157e+00,-2.348289325926344873e-04,6.767021831777242369e-09,-1.556749995303500691e+04,-4.814325000469649676e+05,-8.060660967892999129e-02,-1.154242067630025570e+00
-3.315798525065360991e-04,-3.277845560883470455e+00,-1.580460327755872640e-02,-1.291410805210576385e+00,-2.006086814453087008e+00,-2.762085318990912492e+04,-4.693791468100908678e+05,-1.180675981983483336e-01,-1.812418244507213672e+00
-3.488100137858438643e-01,-3.094374976250314546e+00,-9.304492428604760335e-03,-9.394586003149161257e-01,-1.855164096648268979e+00,-2.574912324219084985e+04,-4.712508767578091356e+05,-1.044640349667966261e-01,-1.223668588670433710e+00
-9.267859900930641714e-02,-6.439564268998143604e-01,-4.313216626101734619e-03,-1.039435709066056646e+00,-2.079072469740594897e-10,-2.309696432011102297e+04,-4.739030356798889698e+05,-1.046259708030165547e-01,-2.981266845567551282e+00
-5.314617324148507294e-03,-3.021685691445583188e+00,-3.152510505545155439e+00,-2.022564319503317165e-03,6.180362221996915650e-09,-1.557880467838446202e+04,-4.814211953216155525e+05,-1.151180043628753091e-01,-1.154242299051209342e+00
-9.232313957591955500e-01,-2.245536907782133440e+00,-1.014552593591844243e-03,-5.800449256310997725e-01,-1.145606967002539944e+00,-2.716460283633854851e+04,-4.698353971636614297e+05,-1.188680719868365487e-01,-8.760936123791682739e-01
-1.065953606210567450e+00,-8.610840701585935619e-01,-9.194156196876690501e-04,-6.607814958951347961e-01,-3.577715130854985937e-02,-3.518628015306776797e+04,-4.618137198469322175e+05,-1.555644319560299527e-01,-1.632823540470485835e+00
-9.267903038573610530e-02,-6.439616046705776142e-01,-4.051671328397787875e-05,-1.041106202281717685e+00,-2.136957189185606509e-03,-2.309326480506090593e+04,-4.739067351949390722e+05,-1.046260084978721805e-01,-2.981868327323920820e+00
-1.138977332207374182e+00,-7.604593672686856820e-01,-1.608741547397407601e-01,-4.199840484602557211e-01,2.527648534922377621e-09,-1.835444841986202664e+04,-4.786455515801379806e+05,-9.867604933175683213e-02,-1.154243058760167751e+00
-7.134437855155653097e-01,-1.226667101037495655e+00,-1.615093405415990446e-03,-1.181135766580235114e+00,-3.406370444761630534e-01,-3.280932008762572514e+04,-4.641906799123742967e+05,-1.479817515179724097e-01,-1.846444584649637566e+00
-4.664328605833860664e-01,-1.597628815781961364e+00,-1.268461886967184427e+00,-8.116149664419527454e-01,3.692801620047703182e-11,-2.120329746182090093e+04,-4.757967025381791173e+05,-1.162912021977019206e-01,-1.540621041910577915e+00
-3.448216125907332952e-02,-1.222435436543479526e+00,-7.720792737671580142e-01,-7.849207330512513181e-01,-7.870795126763141525e-10,-2.100105647441696055e+04,-4.759989435255830176e+05,-9.616090435289015304e-02,-2.576029950915448730e+00
-1.137441247508125919e+00,-2.234866825718063055e+00,7.991521861001160687e-03,-8.812802855017167758e-01,-1.101488118180530718e+00,-2.180656903496560699e+04,-4.751934309650344076e+05,-1.414554735301593036e-01,-4.435039220418661721e-01
-4.382473533048880654e-04,-6.408554859681085958e-01,-2.636426438574090980e-03,-1.077787664817728697e+00,2.854089631298961649e-09,-2.328262462367811531e+04,-4.737173753763218992e+05,-1.030489018458914108e-01,-3.177619152270218184e+00
-5.814487932864764730e-04,-4.931817842876238700e+00,-3.939770168278755591e-02,-1.597608801818171997e+00,-3.745568571806935587e+00,-2.856005925549561653e+04,-4.684399407445043908e+05,-1.275955954369142886e-01,-4.505679717233452841e-01
-5.617326541011564700e-01,-4.131767039711158773e+00,3.386948791181509932e-03,-7.762777140832550771e-01,-3.098849804165555888e+00,-3.156884165499836672e+04,-4.654311583450016333e+05,-1.179863445675239653e-01,-1.244753130810254405e-01
-1.064772480677609323e+00,-2.235098399344824571e+00,7.991521861008266114e-03,-4.438486987246967885e-01,-1.101667432230590604e+00,-1.858504994623157836e+04,-4.784149500537684071e+05,-1.104064527621863856e-01,-5.141146965176637273e-01
-5.314651569726436264e-03,-3.021685626129903213e+00,-3.152510413008306145e+00,-2.021080569758026968e-03,2.636338480854760746e-09,-1.557879528075310373e+04,-4.814212047192468890e+05,-1.151163550520777623e-01,-1.154242296619449881e+00
-7.793398301043819032e-01,-1.541326424684777763e+00,-2.442939919809816729e-03,-8.920876362780827407e-01,-5.773437703361732343e-01,-2.872100179063928226e+04,-4.682789982093606959e+05,-1.224180976375720264e-01,-1.512035046810457306e+00
-1.049499005071270474e-01,-6.786276803174047245e-01,-5.260960532344682861e-02,-1.628810248059615162e+00,2.463310666556139950e-09,-2.797303957035980420e+04,-4.690269604296401958e+05,-1.306379896730406331e-01,-2.958195192892461467e+00
-7.658070628746571629e-05,-3.927513710188723195e+00,-4.244193324221008368e+00,-8.313550134876734887e-02,3.106219725879100224e-10,-2.294272634681120689e+04,-4.740572736531887786e+05,-1.138192271306545655e-01,-6.975549133304854710e-01
2.653714768978687744e-04,-3.947545118258782182e+00,-4.158323592347690223e+00,-7.694091445564765763e-04,1.440245700479181323e-10,-3.332806619644857710e+04,-4.636719338035514229e+05,-1.198460770315924184e-01,-8.903765489996322557e-01
-2.097515148240027827e-01,-4.410525582186618720e+00,2.121605686014049752e-02,-1.473061803849063267e+00,-3.386099751469836328e+00,-3.584575533837226976e+04,-4.611542446616277448e+05,-1.561009084581791995e-01,-5.977853602330491789e-01
2.720944470224750944e-04,-4.069167965117506114e+00,-4.317987011451503321e+00,-2.136634568117301569e-05,4.821150145772890028e-10,-3.378150964178809954e+04,-4.632184903582119150e+05,-1.211527756661822941e-01,-7.950643991557835299e-01
-8.068352921948003242e-01,-6.446517487315581718e-01,-7.658937508960406149e-03,-1.116631411719644973e+00,2.125758458149107355e-09,-2.359602295183886963e+04,-4.734039770481611486e+05,-1.327390488210068442e-01,-1.717958107081601904e+00
5.243974917075178155e-04,-3.780753642239663037e+00,-3.934349404446397358e+00,-1.269965061817135421e-01,2.178102143091109610e-11,-3.461147582499828422e+04,-4.623885241750017158e+05,-1.374803769649139140e-01,-1.038925282996804089e+00
-1.150272562370810547e+00,-9.349027079776437432e-01,-1.685823587524737377e-02,-9.571952804046937047e-01,-9.641702372073868155e-02,-3.557957972750428598e+04,-4.614204202724957140e+05,-1.316365289570934072e-01,-1.422893445816758362e+00
-1.902163115102785795e+00,-8.115063302513920718e-01,1.229569276706143910e-03,-6.748475690730657561e-01,-4.332179381154599440e-04,-3.529344179122149944e+04,-4.617065582087785006e+05,-1.477818137502606988e-01,-5.755465240878254729e-01
-3.857796587877437844e-03,-4.954742829219400235e+00,-2.560385881344480197e+00,-7.126209423438734092e-01,-2.093412375912737211e+00,-2.119042493372038734e+04,-4.758095750662796199e+05,-1.177887448817235283e-01,-1.313471309166258649e-03
-1.061670350584797973e-03,-6.407190029846727697e-01,-2.454486631414454223e-03,-1.082668027119321863e+00,-6.353027515171305595e-07,-2.332185899352522028e+04,-4.736781410064747906e+05,-1.069970347325668591e-01,-3.176350692634914097e+00
-3.186571874073784727e-03,-2.055202097141613393e+00,-5.279926049116312470e-03,-1.513408685832587253e+00,-9.572438762070809570e-01,-2.694495969173618869e+04,-4.700550403082637931e+05,-1.001195467060253530e-01,-2.494823784909697917e+00
-1.000478409413669389e+00,-3.208767685023135030e+00,-1.543232514706360803e-02,-8.017381841655257801e-01,-1.900126463711265812e+00,-2.092591101092704776e+04,-4.760740889890729450e+05,-1.454734056091947503e-01,-8.529792511386524723e-03
-1.371612044325232205e-04,-3.058309924129552826e+00,-2.960228429892442392e+00,1.068108735715611601e-04,-5.284919835091272944e-09,-3.378021113129115838e+04,-4.632197888687088271e+05,-1.521990314468183170e-01,-1.686194108486784859e+00
-1.017969722370883012e+00,-9.295096642010811649e-01,-1.054900679782484474e-01,-9.108674903174964754e-01,1.838007523957685407e-10,-4.330112782242152753e+04,-4.536988721775784506e+05,-1.650977332468417935e-01,-1.780760915558629254e+00
-1.135788777986316944e+00,-2.055156481099800203e+00,-5.207387587574885401e-03,-4.228766742829392911e-01,-9.572467465306473411e-01,-1.837339165456137926e+04,-4.786266083454386098e+05,-1.038651907535927954e-01,-5.210924327383572585e-01
-1.631955257070849541e-02,-4.082766891213610805e+00,-4.364573522178639919e+00,-5.405278419861048178e-04,-4.650570795285302594e-03,-2.969128816313671268e+04,-4.673087118368633091e+05,-1.347849489105032994e-01,-6.913280933418646246e-01
-1.344681353243615263e-04,-3.058272272276735038e+00,-2.960203895957537412e+00,1.641855861933549932e-05,1.686047506344046099e-05,-3.378095617266147747e+04,-4.632190438273384934e+05,-1.521519808602842250e-01,-1.686233252609827371e+00
5.382739001191794159e-06,-3.344225944280763585e+00,-3.344227656060981602e+00,-2.617828537943012179e-05,-2.534210994009633566e-05,-3.378153534650764777e+04,-4.632184646534923231e+05,-1.380056048353064946e-01,-1.425901165301199480e+00
1.487690863028134913e-03,-4.071653898036041497e+00,-4.420177451820753944e+00,-1.445330389060472953e-05,-2.985395919363753592e-07,-2.358164313231971028e+04,-4.734183568676802679e+05,-1.135319064765966668e-01,-6.148683375214925029e-01
-1.489280859264141554e-03,-5.082226031997494786e+00,-1.083983488976723919e+00,-1.117579559791366250e+00,-2.994716261993645823e+00,-1.765951442498956749e+04,-4.793404855750104180e+05,-9.851514849929268736e-02,-1.098695260310700306e-03
-1.080003331629422192e+00,-2.260411186377702109e+00,-5.505406544120461376e-03,-7.004587067514247423e-01,-1.114534913916233050e+00,-2.048161527924876282e+04,-4.765183847207512590e+05,-1.315839384458998285e-01,-4.932903146076221823e-01
-6.476841629183454074e-01,-3.208767197082549316e+00,-1.543139148147787409e-02,-6.488450266162395508e-01,-1.900126537494483570e+00,-1.979349270326840269e+04,-4.772065072967315791e+05,-1.443354604300727817e-01,-5.134331528328295313e-01
-2.198102391455812210e+00,-8.854530590591576100e-01,-4.639938299910184583e-02,-5.391410270094958435e-01,-1.859944813520364448e-05,-3.901883784614037722e+04,-4.579811621538596228e+05,-1.248856823392165971e-01,-2.803730313779921879e-01
-6.669616408874645686e-03,-4.927985071674262585e+00,-2.855790192153673246e+00,1.381725055136229230e-03,-1.940615682659136310e+00,-2.031279756524329059e+04,-4.766872024347567349e+05,-1.002493302169433220e-01,-1.315518139574045620e-02
